4294967279,36
4294967279,34
4294967279,32
4294967279,30
4294967279,28
4294967278,180
4294967278,179
4294967278,175
4294967278,173
4294967278,172
24,5
24,4
4294967278,171
24,3
24,2
24,1
4294967278,321
4294967278,170
4294967278,169
23,5
4294967278,168
23,4
23,3
23,2
23,1
4294967279,392
4294967278,167
4294967279,26
4294967279,23
4294967279,22
4294967279,21
4294967279,19
4294967279,17
4294967279,15
4294967279,13
4294967279,12
4294967279,10
4294967294,1072
4294967294,186
4294967294,30
4294967294,1237
4294967294,1236
4294967294,1234
4294967294,1217
4294967294,1060
4294967294,1058
4294967294,1057
4294967278,320
4294967294,107
4294967294,1086
4294967294,29
4294967294,1426
4294967294,430
4294967294,44
4294967294,38
4294967294,36
4294967279,391
4294967279,390
4294967278,319
19,5
2,5
4294967294,39
4294967294,41
4294967294,426
4294967294,43
7,5
16,5
15,5
14,5
17,5
4294967294,18
4294967294,127
4294967294,126
4294967294,20
4294967294,13
12,6
11,4
12,1
4294967294,427
4294967294,2
4294967294,1068
4294967294,439
4294967294,0
4294967294,52
4294967294,17
4294967294,99
4294967294,76
4294967294,1166
4294967294,82
4294967294,83
4294967278,318
4294967294,50
4294967294,91
4294967294,88
4294967294,87
4294967294,85
4294967294,84
4294967294,413
4294967279,389
4294967278,317
4294967294,22
2,3
4294967294,394
4294967294,24
4294967279,388
4294967278,316
4294967278,160
4294967294,37
4294967294,45
4294967294,53
4294967294,1247
4294967294,1246
4294967294,1216
4294967294,28
4294967294,1243
4294967294,26
4294967294,90
4294967294,86
4294967279,387
4294967278,159
4294967278,315
4294967278,158
4294967279,386
4294967278,314
4294967278,260
4294967278,156
4294967294,7
4294967294,6
4294967294,94
4294967294,96
4294967294,42
22,4
22,3
22,2
22,1
4294967279,385
4294967279,260
4294967279,0
4294967294,8
0,7
4294967294,40
4294967294,470
4294967294,1163
4294967294,11
4294967278,132
4294967278,131
4294967278,130
4294967278,129
4294967278,128
4294967278,127
4294967278,126
4294967278,125
4294967278,124
4294967278,123
4294967278,122
4294967278,121
4294967278,120
4294967278,119
4294967278,118
4294967278,117
4294967278,116
4294967278,115
4294967278,114
4294967278,113
4294967278,112
4294967278,111
4294967278,110
4294967278,109
4294967278,108
4294967278,107
4294967278,106
4294967278,105
4294967278,104
4294967278,103
4294967278,102
4294967278,101
4294967278,100
4294967278,99
4294967278,98
4294967278,97
4294967278,96
4294967278,95
4294967278,94
4294967278,93
4294967278,92
4294967278,91
4294967278,90
4294967278,89
4294967278,87
4294967278,86
4294967278,85
4294967278,84
4294967278,83
4294967278,82
4294967278,81
4294967278,80
4294967278,79
4294967278,78
4294967278,77
4294967278,76
4294967278,75
4294967278,74
4294967278,73
4294967278,72
4294967278,71
4294967278,70
4294967278,69
4294967278,68
4294967278,67
4294967278,66
4294967278,65
4294967278,64
4294967278,63
4294967278,62
4294967278,61
4294967278,60
4294967278,59
4294967278,58
4294967278,57
4294967278,56
4294967278,55
4294967278,54
4294967278,53
4294967278,52
4294967278,51
4294967278,50
4294967278,49
4294967278,48
4294967278,47
4294967278,46
4294967278,45
4294967278,44
4294967278,43
4294967279,295
4294967279,294
4294967279,37
4294967279,35
4294967279,33
4294967279,31
4294967279,29
4294967279,27
4294967279,25
4294967279,24
4294967279,20
4294967279,18
4294967279,16
4294967279,14
4294967279,11
4294967279,9
4294967279,8
4294967279,7
4294967279,6
4294967279,5
4294967279,4
4294967294,25
4294967294,1087
4,5
6,5
13,5
18,5
0,5
4294967278,313
4294967278,0
4294967294,81
4294967294,75
4294967294,9
4294967294,1233
4294967294,1228
4294967294,1062
4294967294,1059
4294967294,60
4294967294,92
4294967294,67
4294967294,14
4294967294,93
4294967294,95
4294967294,438
4294967294,417
4294967294,51
4294967294,12
4294967294,471
4294967294,1427
4294967294,27
4294967294,1249
4294967294,68
4294967294,5
4294967278,312
4294967279,384
4294967278,311
4294967278,310
4294967279,319
4294967278,309
